0.193122
0.629613
0.699613
0.821566
0.10171
0.15119
0.8647
0.67099
0.266494
0.945047
0.107679
0.436999
0.196968
0.612118
0.111872
0.519264
0.92094
0.79116
0.629613
0.779778
0.122576
0.93265
0.9238703
0.276678
0.58566
0.629613
0.93265
0.51957
0.219839
0.0724143
0.148121
0.111872
0.522761
0.6239761
0.266494
0.136346
0.804825
0.145074
0.239761
0.66494
0.136346
0.10171
0.15119
0.111872
0.93122
0.0651475
0.319552
0.239761
0.766494
0.636346
0.8204463
0.629613
0.7147147
0.7319552
0.95222
0.629613
0.33037
0.729613
0.204562
0.867952
0.263046
0.345723
0.156577
0.5707871
0.863175
0.707871
0.8214669
0.92367
0.358643
0.160613
0.249404
0.63293
0.238703
0.393265
0.7238703
0.796491
0.49177
0.93122
0.742848
0.492319
0.263046
0.111872
0.52928
0.63175
0.92094
0.7320643
0.96059
0.93122
0.742721
0.193122
0.89848
0.03019
0.492892
0.0352284
0.98347
0.245723
0.156577
0.170569
0.0629613
0.141754
0.270013
0.398347
0.111872
0.393265
0.738703
