0.339365
0.261997
0.161614
0.400947
0.258307
0.295561
0.572137
0.342288
0.320668
0.523519
0.44296
0.109272
0.102787
0.209102
0.67926
0.0527349
0.224947
0.15183
0.218204
0.253427
0.232469
0.173399
0.482553
0.301243
0.594053
0.171043
0.0594104
0.132399
0.232581
0.15729
0.42731
0.594053
0.125525
0.316843
0.59643
0.192924
0.210542
0.129248
0.410212
0.285435
0.45647
0.234888
0.39308
0.312878
0.278436
0.39308
0.278436
0.185099
0.0927986
0.141212
0.278436
0.14655
0.175139
0.278436
0.157226
0.13923
0.102808
0.192346
0.43147
0.287654
0.272867
0.26096
0.0750201
0.240899
0.224646
0.278436
0.278436
0.209102
0.278436
0.574436
0.0519817
0.594053
0.491829
0.320646
0.192346
0.287652
0.171043
0.108959
0.370996
0.285435
0.255942
0.399161
0.278436
0.278436
0.323083
0.232581
