0.294287
0.189496
0.24954
0.270478
0.38898
0.301162
0.385507
0.101857
0.0684917
0.147333
0.121461
0.0614389
0.562941
0.160798
0.0463056
0.494221
0.296404
0.290913
0.330885
0.0847385
0.12681
0.160798
0.153672
0.110956
0.288598
0.160798
0.356016
0.237707
0.160798
0.434126
0.493222
0.251145
0.29551
0.402961
0.23173
0.103121
0.270478
0.302709
0.329527
0.41845
0.136618
0.160798
0.206629
0.52189
0.310475
0.229741
0.254026
0.129652
0.155041
0.268422
0.160798
0.316233
0.164156
0.383084
0.387479
0.304103
0.446719
0.192543
0.451702
0.338712
0.506756
0.383937
0.210339
0.211567
0.345825
0.110956
0.15119
0.0910292
0.326019
0.604516
0.160798
0.518326
0.304103
0.155041
0.224092
0.262172
0.447012
0.33312
0.265139
0.32546
0.242429
0.189945
0.304886
0.262522
0.192346
0.160798
0.0972184
0.160798
